img_id: 26825.png  count: 0  time: 2023-02-28 15:13:32.698043
img_id: 48446.png  count: 1  time: 2023-02-28 15:31:17.407805
img_id: 20173.png  count: 2  time: 2023-02-28 15:31:27.174101